    1        3.72342770108862        0.75036191250000        0.93570800000000        0.68144040000000        0.89413570000000        0.95070800000000        0.97952268750000        0.15153200000000        0.96752930000000        0.31701662500000        0.80898440000000
    3        3.14377016467936        0.57408526666667        1.08999266666667        0.70941708333333        1.18884760000000        0.91151183333333        0.96795652500000        0.15153200000000        0.92856852500000        0.36254885000000        0.80898440000000
    5        3.05621531238996        0.64459592500000        0.98713622222222        0.72340542500000        0.91869502500000        0.92131087500000        0.98241422812500        0.19947766666667        0.99674988125000        0.37646147430556        0.52140843333333
    9        2.76313949073532        0.60346470763889        1.03883229976852        0.73025388394097        0.98290742682292        0.89814022439236        0.97587814150391        0.19474773263889        0.93841017910156        0.37315459106626        0.50960231215278
   13        2.74111960702569        0.61575034655470        1.00156816787766        0.72168251679125        0.87755199684365        0.90592520763005        0.97982584188458        0.19574632867155        0.97430929404839        0.38424109157055        0.44959438914288
   14        2.73247120317657        0.65217392504880        0.97409935637967        0.72737472488265        0.89299810202245        0.89771940810165        0.98174335611753        0.19889832591467        0.95690226762153        0.38138514140983        0.51826315277697
   15        2.68882818658967        0.61777852472353        0.99819750004086        0.73397906580951        0.91279976843232        0.89710944894698        0.98000835853367        0.20549389493715        0.96567735500658        0.39089350575263        0.41621264676810
   17        2.64327528420849        0.63421007314501        0.95988159709827        0.73101207938903        0.84843135456679        0.89572437466105        0.98320966864767        0.20518200306156        0.98687003544621        0.40458503769299        0.44658721324396
   20        2.63110711507117        0.62494836662353        0.96002998163634        0.74699019182278        0.80987504729773        0.88123923037603        0.98381587713813        0.22254340539908        0.97681134956059        0.41559570161638        0.32745775954452
   23        2.62687091388308        0.63239618756257        0.95023577221848        0.74456835613816        0.79378850399786        0.88816462274104        0.98494686958030        0.22249666007153        0.99200313798960        0.41599088162107        0.32174529069974
   24        2.62621130583460        0.61820132763230        0.96372550916015        0.74587142033054        0.77193134072695        0.87983160322621        0.98402250061469        0.21960076862421        0.97619622352167        0.41884810689319        0.35750797565108
   25        2.62004740108890        0.61558679469853        0.96991864812023        0.73979638212328        0.81783233689890        0.88988009745767        0.98258633049656        0.21343283036595        0.98793961546695        0.41393450680006        0.35997988938216
   26        2.60983331322425        0.62100905434748        0.96061961445739        0.73893983764829        0.73382494849744        0.88455458317232        0.98474666849414        0.21783187167610        0.98121428774620        0.41348452141826        0.35069972232157
   27        2.59635078503370        0.62401282081553        0.95719208866627        0.73762756677498        0.74887959354961        0.88909734378815        0.98468482565310        0.21338777942224        0.99053248291102        0.41539228062490        0.38856900571041
   38        2.58790250535331        0.61639360011574        0.96247201769237        0.73744504346013        0.71269159047968        0.88426254760630        0.98462632480389        0.21320997180467        0.98267332559665        0.41628932507102        0.39512370085304
   43        2.58615144696890        0.61415773555517        0.96588988403167        0.73601583454412        0.73041720064339        0.88522545690117        0.98400824274738        0.21021652413848        0.98220033228053        0.41567901575387        0.41306269651966
   45        2.58514643453396        0.61557513056124        0.96359537370343        0.73681979102328        0.71543062282244        0.88382414202591        0.98447728125593        0.21221793143854        0.98098317640296        0.41592593981193        0.40402365002693
   46        2.57775360899289        0.61692090884996        0.96132006256988        0.73709649533653        0.71502288007748        0.88542647806708        0.98468980540542        0.21291204929024        0.98542613866427        0.41652739354743        0.39815760478484
   60        2.57739937220324        0.61732524109076        0.96094226699284        0.73710441579385        0.71337961120528        0.88487157542727        0.98473258362070        0.21305534108998        0.98432396568016        0.41655391335591        0.39602329134786
   61        2.57737058262334        0.61708601255887        0.96136829920292        0.73708094529573        0.71497916643410        0.88500574665072        0.98467462533712        0.21288220949983        0.98436697368255        0.41646429068503        0.39730261580084
   62        2.57626877058333        0.61679604627540        0.96161032905756        0.73698658405360        0.71538337263550        0.88506967666111        0.98464481504137        0.21270601686592        0.98445806637087        0.41648691097666        0.39859483914897
   67        2.57618459681163        0.61708530973321        0.96147971155758        0.73709560935083        0.71442558015032        0.88470978453772        0.98466361791905        0.21292346791686        0.98366049387815        0.41637171973832        0.39669815551382
   68        2.57576081166381        0.61711514403239        0.96134046343864        0.73705752179625        0.71493126736465        0.88495737300387        0.98467708147406        0.21284315461433        0.98425811504183        0.41646675943860        0.39781331470882
   71        2.57441655411552        0.61727703616219        0.96112070697638        0.73709129756141        0.71436448237207        0.88491231654784        0.98470449105436        0.21295642511135        0.98426065624993        0.41649219309393        0.39691476474320
   78        2.57642146930546        0.61717641151701        0.96128892944646        0.73706846487153        0.71492095067863        0.88493182920821        0.98468045299196        0.21287890943523        0.98420534688957        0.41645603019937        0.39737836912794
   83        2.57584441115399        0.61725905753512        0.96117259161970        0.73708582941426        0.71463265381015        0.88492578894118        0.98469622395206        0.21292888725286        0.98424751729167        0.41647518163290        0.39711776637343
   88        2.57579121170041        0.61723773785592        0.96120777022851        0.73708543885412        0.71472422313459        0.88492505508417        0.98469103478826        0.21292318743531        0.98422841667847        0.41646593927917        0.39706984579359
   89        2.57563048862272        0.61725100190552        0.96121413775817        0.73708470996843        0.71487519066497        0.88493409727634        0.98468879996273        0.21291382803961        0.98422703795953        0.41645666897802        0.39716415977676
   93        2.57479451723105        0.61721370671127        0.96125153360231        0.73707658741998        0.71489807067180        0.88493296324227        0.98468462647735        0.21289636873742        0.98421619242455        0.41645634958869        0.39727126445235
   94        2.57616470393637        0.61723528288702        0.96123685989676        0.73708020789416        0.71491567398928        0.88492965669133        0.98468597448551        0.21290172229751        0.98420681028330        0.41645342308446        0.39725219973523
   96        2.57572965818343        0.61721944390905        0.96124805456819        0.73707791694638        0.71489139674993        0.88492867169175        0.98468516626075        0.21289792957662        0.98420686995727        0.41645542357825        0.39727816942662
  111        2.57667208206004        0.61722736339803        0.96124245723247        0.73707906242027        0.71490353536961        0.88492916419154        0.98468557037313        0.21289982593706        0.98420684012029        0.41645442333135        0.39726518458093
  116        2.57659151232287        0.61722439615863        0.96124026053316        0.73707892977994        0.71487272412870        0.88492935765589        0.98468614083122        0.21290156430089        0.98421222357050        0.41645710422237        0.39724548544870
  117        2.57592921906887        0.61722408324570        0.96124377378520        0.73707861504925        0.71489329910446        0.88492919944576        0.98468557153128        0.21289945139851        0.98420839534659        0.41645537472485        0.39726791611195
